201025175419
201025173431
201025170572
201025167512
201025140606
201025121464
201025115702
201025113641
201025108526
201025107955
201025107704
201025102376
201025089449
201025077322
201025071264
201025061936
201025058260
201025051858
201025042504
201025040312
201025033367
201025031850
201025012888
201025012508
201025008370
201024992358
201024973271
201024971122
201024967760
201024958501
201024944482
201024925198
201024877532
201024876177
201024872344
201024838526
201024836732
201024831495
201024824861
201024793839
201024789962
201024782755
201024768695
201024755282
201024749287
201024745528
201024740152
201024725214
201024724730
201024723353
201024720586
201024712676
201024699676
201024693596
201024681359
201024680429
201024673757
201024658223
201024651726
201024651409
201024649811
201024648212
201024634012
201024616566
201024614295
201024611612
201024604397
201024600654
201024599198
201024587774
201024582710
201024574636
201024561725
201024551907
201024544357
201024533213
201024512068
201024510137
201024504593
201024501867
201024494906
201024466049
201024459769
201024451045
201024438856
201024434186
201024430042
201024427263
201024426015
201024410970
201024398939
201024395017
201024365920
201024364076
201024351399
201024339601
201024320257
201024319046
201024312049
201024304219
201024298667
201024293922
201024287429
201024271500
201024263276
201024262739
201024253888
201024238053
201024228691
201024224440
201024206468
201024205931
201024194456
201024187916
201024184802
201024184516
201024174601
201024167411
201024161328
201024146958
201024145595
201024127083
201024119654
201024103258
201024101019
201024089728
201024078369
201024071940
201024066864
201024058900
201024058681
201024057542
201024046862
201024030047
201024026447
201024011938
201024010493
201024004543
201024004050
201024000989
201023998668
201023975389
201023975133
201023968886
201023928285
201023923144
201023915310
201023915262
201023914996
201023893347
201023892385
201023892241
201023890270
201023888943
201023888897
201023881149
201023866089
201023863044
201023838970
201023837024
201023831853
201023829092
201023829015
201023826962
201023806154
201023798659
201023798552
201023796025
201023795194
201023745107
201023744757
201023730769
201023722513
201023719246
201023711265
201023709582
201023706214
201023695255
201023678704
201023673508
201023663808
201023643818
201023609040
201023604245
201023595393
201023591139
201023582692
201023577660
201023572900
201023562418
201023561441
201023556113
201023530963
201023527240
201023523725
201023509032
201023501416
201023499488
201023494472
201023469601
201023460424
201023459192
201023457746
201023455069
201023445041
201023444653
201023442159
201023436461
201023416150
201023416134
201023405132
201023403142
201023403001
201023398584
201023393912
201023390792
201023389592
201023387139
201023382505
201023366954
201023365747
201023360117
201023343361
201023337827
201023335692
201023329279
201023328844
201023302246
201023298495
201023298182
201023294120
201023275296
201023254717
201023248899
201023245010
201023243618
201023236754
201023235969
201023233949
201023223838
201023213230
201023207533
201023201212
201023150815
201023138685
201023112119
201023101099
201023097403
201023064698
201023053731
201023036934
201023033905
201023005181
201023003607
201023003092
201023002338
201022990576
201022982600
201022970099
201022966152
201022944976
201022942929
201022940469
201022936145
201022932833
201022924076
201022918949
201022912223
201022912145
201022910008
201022901818
201022899306
201022894779
201022892527
201022885700
201022885651
201022873557
201022870074
201022863466
201022858751
201022857504
201022856396
201022854262
201022852805
201022852175
201022848748
201022825661
201022822967
201022819301
201022811275
201022809989
201022805277
201022794170
201022776383
201022769440
201022761352
201022747853
201022744468
201022740944
201022720709
201022720067
201022717737
201022713309
201022693177
201022689712
201022687165
201022686984
201022686813
201022682435
201022670881
201022670034
201022639332
201022637960
201022634833
201022626860
201022626307
201022610462
201022604977
201022599417
201022563221
201022552269
201022536900
201022523472
201022522017
201022513314
201022512363
201022496631
201022486563
201022470643
201022462731
201022462007
201022461726
201022457906
201022455739
201022453765
201022449252
201022443758
201022438459
201022430648
201022429742
201022429585
201022425890
201022422583
201022417248
201022399700
201022346029
201022343642
201022308949
201022273455
201022271491
201022270726
201022268786
201022267053
201022254207
201022249992
201022243158
201022232663
201022231318
201022229711
201022223972
201022223513
201022221046
201022221023
201022202293
201022196202
201022195974
201022193801
201022192819
201022187336
201022170908
201022168683
201022168499
201022166341
201022163374
201022158178
201022146564
201022146475
201022144009
201022142611
201022135155
201022134330
201022131402
201022127124
201022122772
201022112379
201022108815
201022107870
201022106930
201022086986
201022081851
201022074355
201022058930
201022056378
201022051698
201022051647
201022046309
201022026801
201022022206
201022010175
201022001243
201021983325
201021981354
201021978166
201021944104
201021942643
201021929979
201021910434
201021905018
201021901069
201021884360
201021880976
201021876035
201021857713
201021852181
201021850479
201021848004
201021839262
201021838538
201021835752
201021824431
201021817706
201021817414
201021813957
201021807574
201021802038
201021801246
201021797597
201021781985
201021781877
201021777698
201021768158
201021754536
201021737099
201021732476
201021722590
201021720759
201021720304
201021716180
201021710303
201021696973
201021688570
201021671000
201021661919
201021638703
201021636329
201021617895
201021615051
201021607965
201021590965
201021581816
201021573995
201021569212
201021563011
201021554472
201021541571
201021538740
201021537176
201021536911
201021536554
201021531733
201021524359
201021522078
201021516009
201021508545
201021491165
201021488210
201021470719
201021463712
201021462650
201021451558
201021433511
201021423396
201021418136
201021413580
201021413319
201021397617
201021397128
201021392959
201021376727
201021372444
201021371234
201021365919
201021360399
201021350556
201021344367
201021343719
201021336140
201021322544
201021312908