201095667472
201095685111
201095701839
201095705855
201095705901
201095706106
201095717401
201095718551
201095733759
201095741765
201095746015
201095746211
201095765708
201095767234
201095769902
201095775849
201095778108
201095781798
201095797961
201095828788
201095840803
201095843457
201095847163
201095847471
201095850916
201095886009
201095890085
201095907151
201095909021
201095911195
201095913691
201095913766
201095924433
201095924884
201095929029
201095937776
201095969597
201095975738
201095976358
201095993998
201095999248
201095999548
201096000000
201096009776
201096013103
201096024418