201020758872
201020764084
201020765095
201020766939
201020772827
201020778494
201020781735
201020792091
201020792689
201020798500
201020802365
201020808789
201020811879
201020822357
201020824079
201020829157
201020831501
201020833097
201020833197
201020838223
201020843318
201020851609
201020854620
201020864655
201020865037
201020875059
201020877755
201020878625
201020887100
201020888015
201020890396
201020894879
201020902459
201020906534
201020906912
201020909502
201020912151
201020916962
201020920363
201020922616
201020924441
201020927399
201020928045
201020930041
201020931720
201020945265
201020946780
201020946960
201020954634
201020958190
201020968268
201020975139
201020980491
201020980545
201020981546
201020990686
201020993866
201020997048
201021001026
201021003303
201021003473
201021006590
201021011251
201021020979
201021022809
201021022812
201021027400
201021030429
201021032554
201021038777
201021043751
201021055996
201021070077
201021072242
201021080000
201021081932
201021083084
201021086525
201021092168
201021096296
201021111926
201021120262
201021125951
201021126723
201021129691
201021132439
201021144685
201021145227
201021151266
201021160950
201021162511
201021166011
201021167914
201021168961
201021184827
201021186434
201021195659
201021196802
201021207440
201021210249