201062630878
201062629397
201062539992
201062520613
201062514158
201062488144
201062366238
201062336376
201062324404
201062321899
201062296123
201062227292
201062200089
201062132809
201062073769
201062046802
201062041482
201061977438
201061976989
201061966571
201061963981
201061867286
201061853596
201061833139
201061820195
201061765523
201061758631
201061751700
201061634719
201061616368
201061591726
201061551643
201061432025
201061394453
201061365752
201061312256
201061271711
201061215575
201061134113
201061079058
201061052047
201060954254
201060915850
201060893328
201060820061
201060774397
201060740142
201060714118
201060679370
201060669111
201060664773
201060608033
201060409328
201060311256
201060197961
201060109906
201060081029
201060053321
201055902659
201055677999
201055535225
201055422860
201050949669
201050900200
201050688576
201050450677
201050366375
201050334031
201050204842
201050204688
201050200535
201050160858
201050031060
201044724259
201044640245
201044394364
201044296725
201044214743
201044154003
201044152230
201044126888
201040852574
201040776360
201040766501
201040584871
201040474385
201040424960
201040368495
201040348504
201040272109
201040203249
201040020040
201034535480
201034240893
201033957345
201033937004
201033872921
201033871474
201033820996
201033685667
201033588980
201033530264
201033508616
201033502443
201033426258
201033390992
201033387315
201033378685
201033349040
201033266581
201033235145
201033225543
201033064599
201033032449
201033011632
201032991827
201032951007
201032885807
201032811747
201032796500
201032716664
201032502449
201032444246
201032419108
201032236646
201032213560
201032006853
201031878113
201031873488
201031760942
201031630061
201031483927
201031421209
201031292789
201031238997
201031063125
201030982570
201030926134
201030920065
201030813874
201030669395
201030652694
201030575759
201030525903
201030414040
201030388438
201030320981
201030300585
201030226566
201030192174
201030184336
201030150311
201030136432
201030026324
201030012319
201029990426
201029932906
201029877610
201029865729
201029756742
201029747357
201029712266
201029647966
201029592804
201029499682
201029487975
201029482434
201029421287
201029370931
201029289317
201029261039
201029207979
201029092892
201029019037
201029012860
201028780037
201028729981
201028667907
201028545402
201028488887
201028488105
201028406095
201028195423
201027988728
201027963755
201027918225
201027904083
201027897497
201027882984
201027875774
201027853246
201027688090
201027600676
201027520118
201027482135
201027444058
201027256884
201027256428
201027228900
201027210227
201027106978
201026994508
201026878043
201026820052
201026808268
201026703765
201026653428
201026631513
201026543286
201026543143
201026522841
201026520171
201026324755
201026288806
201026266206
201026217481
201026187247
201026174142
201026043583
201026026600
201025992506
201025937440
201025892311
201025848606
201025786981
201025727972
201025659036
201025658337
201025635474
201025600136
201025557786
201025547546
201025384731
201025349726
201025344447
201025334013
201025256285
201025205861
201025188365
201025054811
201025026772
201025025320
201024875500
201024850238
201024843410
201024775019
201024767200
201024737387
201024671872
201024620904
201024576193
201024568542
201024423090
201024396062
201024366640
201024295558
201024271929
201024204329
201024195934
201024141054
201024061178
201024046856
201024043290
201023913902
201023829350
201023663038
201023576201
201023575710
201023444414
201023440315
201023440147
201023425766
201023420899
201023418567
201023403637
201023389480
201023358658
201023205105
201023186512
201023153177
201023131376
201023048980
201023027481
201023013861
201022976260
201022963916
201022938176
201022926907
201022902513
201022897270
201022861616
201022846634
201022831856
201022808042
201022789709
201022759676
201022757087
201022738500
201022715125
201022640121
201022531222
201022515696
201022512118
201022505776
201022437833
201022408058
201022329267
201022314439
201022058623
201022028367
201021883159
201021853164
201021850692
201021831653
201021625733
201021565482
201021499828
201021474394
201021457893
201021445945
201021441995
201021366017
201021311976
201021284005
201021072022
201021000270
201020949476
201020938337
201020889805
201020887868
201020770399
201020758915
201020608092
201020521536
201020505695
201020399025
201020388945
201020388204
201020361911
201020350862
201020272870
201020208189
201020146385
201020120971
201020112652
201020088699
201020016090
201019994948
201019965044
201019963559
201019961866
201019906309
201019889224
201019801533
201019800739
201019613065
201019612361
201019525805
201019484277
201019384836
201019382857
201019270880
201019224046
201019199750
201019194106
201019138487
201019135329
201019125409
201019111344
201019065169
201019048108
201018987622
201018911064
201018854955
201018794946
201018720564
201018691144
201018665672
201018606316
201018529166
201018466501
201018418596
201018298570
201018207178
201018203346
201018185015
201018144303
201018117798
201018110273
201018079821
201018068223
201017983133
201017976706
201017895446
201017892533
201017749343
201017709492
201017702941
201017672584
201017661406
201017641061
201017535322
201017502416
201017479978
201017404718
201017367799
201017346139
201017305383
201017252627
201017249981
201017184649
201017170658
201017166812
201017116263
201017096561
201017065530
201017019357
201017009841
201017004316
201016854241
201016849197
201016814327
201016668183
201016608484
201016607546
201016465964
201016462669
201016429955
201016403917
201016395928
201016389142
201016377254
201016364242
201016347355
201016340570
201016335465
201016328984
201016318824
201016292311
201016125461
201016101957
201016068002
201016026490
201016012717
201015967129
201015948568
201015944864
201015912539
201015882753
201015837473
201015768017
201015745342
201015702709
201015665417
201015653568
201015653492
201015617119
201015588381
201015566056
201015544128
201015536969
201015459429
201015438004
201015339822
201015190980
201015170998
201015061941
201015045492
201015010051
201014909767
201014857941
201014833919
201014806981
201014764376
201014742085
201014669362
201014639047
201014583449
201014426391
201014388817
201014346910
201014340557
201014325546
201014318414
201014260996
201014208009
201014175287
201014152414
201014138222
201014128427
201014105521
201014056830
201013949191
201013941024
201013846499
201013782375
201013777967
201013766460
201013717113
201013688217
201013627381
201013588501
201013555291
201013430725
201013427536
201013361336
201013332276
201013322479
201013310909
201013158000
201013157019
201013119341
201012853106
201012841584
201012838946
201012780045
201012766929
201012737605
201012715047
201012696813
201012614938
201012596382
201012540128
201012533661
201012410053
201012348572
201012325300
201012312305
201012226698
201012173087
201012147244
201012105280
201012104028
201012093059
201011889334
201011842121
201011827170
201011814822
201011756615
201011753096
201011606196
201011570296
201011543626
201011508840
201011484847
201011462345
201011156891
201011144449
201011121985
201011076950
201011071371
201011041628
201011003824
201010958168
201010935959
201010933897
201010919360
201010905713
201010797226
201010758839
201010756457
201010715916
201010694777
201010675783
201010661262
201010657885
201010618046
201010616647
201010597338
201010556142
201010506767
201010289681
201010286010
201010264286
201010212203
201010129704
201009969176
201009905090
201009818015
201009793847
201009786142
201009778457
201009756627
201009677628
201009639311
201009611828
201009604309
201009490395
201009482033
201009416906
201009321864
201009317475
201009285101
201009281758
201009246223
201009224164
201009180920
201009129622
201009111858
201009107970
201009097304
201009024113
201009010995
201008924804
201008923658
201008922543
201008850260
201008726358
201008629422
201008613813
201008610244
201008588457
201008586316
201008566239
201008560105
201008436631
201008410977
201008385724
201008362789
201008311000
201008303611
201008295700
201008203722
201008123069
201008096128
201008063809
201008016676
201008008740
201008003881
201007975039
201007913404
201007906296
201007862231
201007846066
201007793104
201007761716
201007736675
201007715513
201007673195
201007651405
201007522920
201007424187
201007391992
201007350883
201007349466
201007339146
201007306711
201007286620
201007254530
201007218738
201007168298
201007156616
201007128211
201007114683
201007042350
201007021381
201007012542
201007006081
201006969356
201006966172
201006913223
201006878769
201006770747
201006762594
201006648671
201006644013
201006601120
201006533360
201006499114
201006353561
201006309918
201006291528
201006269262
201006255385
201006229247
201006211909
201006122198
201006106523
201006045543
201006028675
201005957829
201005957115
201005893209
201005887545
201005880219
201005828284
201005762665
201005746134
201005643775
201005631224
201005628114
201005613534
201005583916
201005429591
201005385812
201005356894
201005293606
201005269130
201005262883
201005248894
201005205306
201005198638
201005075594
201005052745
201005019775
201005015441
201004986153
201004980620
201004941443
201004935119
201004847799
201004808857
201004770139
201004755900
201004745464
201004738903
201004733182
201004731577
201004718081
201004690691
201004687209
201004641596
201004621167
201004521173
201004511554
201004477092
201004443617
201004407989
201004370343
201004366101
201004324155
201004273452
201004239915
201004237805
201004188720
201004187230
201004038886
201004004593
201003990597
201003988382
201003961107
201003932575
201003925280
201003919449
201003894064
201003893113
201003762711
201003748623
201003741763
201003723512
201003677165
201003676213
201003616080
201003503265
201003484504
201003483471
201003461002
201003460052
201003286763
201003262854
201003202685
201003148781
201003092697
201003074091
201003068950
201003064648
201003019447
201002994821
201002994150
201002962278
201002939889
201002905540
201002878497
201002874770
201002798250
201002785323
201002710498
201002625802
201002594105
201002529910
201002495132
201002481472
201002447185
201002397115
201002377393
201002287422
201002147758
201002145327
201002097448
201002016507
201001971688
201001956544
201001889835
201001794713
201001756440
201001737431
201001726441
201001688970
201001667900
201001648789
201001631314
201001617508
201001605754
201001548929
201001448866
201001448607
201001421857
201001356158
201001343240
201001308290
201001292194
201001253213
201001251473
201001231996
201001159759
201001156489
201001123898
201001106327
201000991235
201000861826
201000861780
201000798522
201000773961
201000686901
201000576796
201000522164
201000508636
201000492228
201000440754
201000407310
201000272438
201000265172
201000206188
201000129020
201000123941
201000059937
201000038782
97474427771
97471584107
97471151181
97450136606
97433332895
97431412162
97431347342
97430502087
97366377187
97338887025
97332289838
97332166708
96899373690
96895723937
96893215488
96891771038
96890743178
96879474937
96878937609
96878391718
96599716952
96599425640
96599005609
96598982521
96594983566
96569688045
96566073440
96560966524
96560315686
96555256100
96551345627
96171435049
96170570506
17087693581
14805772060