201016842200
201016842376
201016842473
201016843885
201016846718
201016852060
201016854408
201016858374
201016860586
201016860654
201016866208
201016874050
201016875372
201016877464
201016878298
201016878545
201016883020
201016883635
201016887201
201016888028
201016888391
201016903079
201016904878
201016905095
201016907224
201016907608
201016909213
201016913399
201016917417
201016918874
201016920793
201016928928
201016931517
201016935384
201016944482
201016946621
201016946834
201016951213
201016969126
201016973935
201016987210
201016990247
201016991042
201016998614
201017002241
201017014221
201017023762
201017024217
201017030891
201017031941
201017033665
201017034194
201017038236
201017043707
201017044839
201017045810
201017046078
201017046577
201017046938
201017051028
201017052770
201017055707
201017056914
201017060227
201017061114
201017064016
201017065530
201017067233
201017075355
201017078305
201017081808
201017083167
201017088931
201017090409
201017092529
201017095026
201017097020
201017099221
201017099975
201017100440
201017101757
201017106545
201017106777
201017107795
201017107830
201017108215
201017110218
201017110977
201017117766
201017118619
201017124366
201017125378
201017126787
201017128221
201017131886
201017134194
201017138530
201017140721
201017142409
201017142909
201017148153
201017151010
201017154799
201017159898
201017162387
201017164045
201017164123
201017165758
201017168151
201017169791
201017171954
201017172185
201017172989
201017174353
201017176472
201017176945
201017178031
201017178290
201017181399
201017181817
201017188852
201017189353
201017191849
201017199061
201017200770
201017201487
201017204882
201017208944
201017210316
201017210740
201017212107
201017213794
201017218552
201017220083
201017220085
201017224128
201017228035
201017232983
201017242924
201017244050
201017247248
201017249154
201017249529
201017252164
201017252957
201017253100
201017255179
201017256700
201017259042
201017263598
201017263664
201017264208
201017268278
201017269431
201017271964
201017274290
201017279749
201017289554
201017304962
201017307129
201017308150
201017308359
201017308722
201017314236
201017319220
201017322020
201017323767
201017326462
201017329911
201017330201
201017330936
201017332131
201017335196
201017340465
201017348912
201017367780
201017374292
201017379541
201017379697
201017386999
201017387726
201017388830
201017388877
201017388932
201017390468
201017396092
201017403020
201017403806
201017407275
201017408875
201017412284
201017414430
201017415624
201017422626
201017424876
201017426254
201017426401
201017429417
201017431974
201017433889
201017440384
201017441829
201017448999
201017449544
201017452529
201017455292
201017456221
201017463150
201017472540
201017483709
201017486347
201017493773
201017494738
201017498381
201017501667
201017503198
201017507508
201017507616
201017507877
201017513514
201017515055
201017516290
201017518001
201017520608
201017526666
201017527953
201017528084
201017528504
201017535404
201017542037
201017558323
201017559033
201017563863
201017569970
201017572115
201017573057
201017573463
201017574459
201017575454
201017576759
201017577875
201017585883
201017590298
201017600719
201017603674
201017603742
201017604711
201017610826
201017610928
201017616140
201017617110
201017619613
201017622770
201017630917
201017635115
201017639305
201017644716
201017648158
201017659549
201017659829
201017662961
201017665726
201017680209
201017680671
201017681277
201017684188
201017685240
201017686696
201017690077
201017691034
201017692287
201017695014
201017695526
201017695830
201017697387
201017697400
201017698168
201017699139
201017702532
201017702941
201017703691
201017704970
201017705846
201017707279
201017710228
201017710836
201017720617
201017724509
201017727577
201017729296
201017730052
201017732903
201017742322
201017742323
201017742621
201017743748
201017746447
201017747608
201017747813
201017750232
201017750343
201017754299
201017754517
201017756763
201017765557
201017767614
201017767742
201017768807
201017770405
201017770715
201017781698
201017783739
201017783740
201017785796
201017785860
201017790521
201017790944
201017791978
201017793995
201017794617
201017795345
201017797629
201017798424
201017800538
201017806697
201017808535
201017808623
201017812006
201017813004
201017815109
201017816332
201017816386
201017816696
201017817125
201017818174
201017818385
201017821479
201017823231
201017824079
201017830499
201017832839
201017835955
201017841164
201017844803
201017844873
201017845334
201017846602
201017851069
201017857352
201017858520
201017861029
201017862098
201017868955
201017870332
201017873297
201017874247
201017877071
201017878415
201017881654
201017884012
201017890022
201017890538
201017892080
201017893171
201017893892
201017894091
201017896680
201017898614
201017899704
201017900515
201017900784
201017901931
201017907994
201017912291
201017915430
201017916449
201017917913
201017918053
201017924202
201017925081
201017927936
201017928833
201017929255
201017930326
201017932530
201017935980
201017937132
201017940213
201017940359
201017942642
201017944490
201017945154
201017946625
201017947373
201017951717
201017952535
201017952915
201017954096
201017957972
201017959201
201017963623
201017979106
201017983921
201017984207
201017984387
201017985813
201017989601
201017990194
201017992108
201017994233
201017999762
201018005675
201018006090
201018008155
201018009139